1,0.54243,-0.022686,-0.14246,-0.0067823,0.10883,0.24716,0.29642,0.18042,0.2539,0.12113,0.17634,-0.16229,-0.21053,-0.23936,-0.2934,-0.15317,0.23796,-0.066816,0.026591,0.097474,0.20547,0.22469,0.026197,0.29511,0.20557,-0.0040594,-0.026751,0.11254,0.32148,-0.15225,-0.0062337,-0.035054,-0.05763,0.094839,-0.1045,0.53735,0.4185,0.26454,0.26614,0.34816,0.31952,-0.010413,0.11429,-0.11917,-0.2195,-0.10917,-0.096807,0.36182,0.36368,0.30799,0.34487,0.38762,0.45865,0.232,0.22678,0.13766,0.1156,0.050602,0.066055,0.16989,0.22991,0.17834,0.23366,0.18291,-0.25985,-0.27278,-0.011162,0.17005,0.14082,0.078193,0.19135,-0.23558,-0.32626,-0.24848,-0.29971,-0.36754,-0.471,-0.43973,-0.25453,-0.031869,-0.13728,-0.043409,0.20349,-0.22756,-0.38955,-0.29723,-0.13778,-0.18757,-0.3318,-0.1667,0.0067372,0.1929,0.083758,-0.069795,0.14562,-0.17155,-0.30768,-0.21344,-0.049393,-0.046849,-0.16463,-0.044861,-0.044809,0.077125,0.081049,-0.11893,0.049949,-0.0063324,-0.039571,-0.0043597,-0.048644,-0.064412,-0.073404,-0.099097,-0.16071,-0.1188,-0.041698,-0.16672,-0.028137,0.11045,0.13832,0.022872,0.098229,0.07613,-0.16482,-0.18441,-0.19904,0.017043,0.08646,-0.14552,0.044148,0.13398,0.15892,0.018923,0.080421,-0.0027151,-0.21336,-0.2633,-0.22074,0.20394,0.27284,0.068048,-0.0096352,0.44761,0.23791,-0.029874,-0.045345,0.21539,0.50229,0.3972,0.36231,0.25969,0.10847,0.23594,0.2528,0.027564,-0.028102,-0.099819,-0.072194,-0.19561,-0.0021625,-0.1118,0.16538,-0.06646,-0.26555,-0.042259,0.020398,0.35351,0.39474,0.35192,0.34958,0.009762,-0.094481,-0.27325,0.073444,-0.026861,-0.16561,-0.072673,-0.064681,0.45667,0.44905,0.48921,0.40399,0.35001,0.21331,-0.070041,0.15865,0.23861,0.31016,0.1291,0.053824,0.24588,0.33732,0.38712,0.316,0.36966,0.45912,0.41498,0.45183
0.54243,1,0.27393,0.0086375,0.019658,0.024785,0.12201,0.16731,0.0068581,0.11017,0.045179,0.1362,-0.059493,0.11114,0.074867,-0.15095,-0.023642,0.051165,-0.064934,0.073538,0.094457,0.064103,0.1837,0.11397,0.22828,0.21049,0.17888,0.0032244,0.094621,0.093276,-0.041655,0.068956,-0.01769,-0.12677,0.12569,0.066194,0.32227,0.23682,0.22963,0.17588,0.17883,0.13195,0.13019,0.13014,-0.15133,-0.22208,-0.044955,0.02288,0.22039,0.19612,0.14165,0.20887,0.21618,0.27739,0.35889,0.21292,0.10024,0.077982,0.0449,-0.0032472,0.0906,0.1509,0.080965,0.16417,0.12153,-0.04099,0.030812,0.17115,0.20023,0.14639,0.012977,0.0093424,-0.17142,-0.096699,-0.082413,-0.11867,-0.17485,-0.20865,-0.17819,0.011048,0.085081,-0.036084,-0.10514,0.037101,-0.096486,-0.15316,-0.10887,-0.043568,-0.10592,-0.069109,-0.073709,0.026176,0.16625,0.18672,0.0086844,0.045029,-0.068836,-0.12523,-0.075784,0.014298,-0.032387,0.041677,-0.011126,-0.0082476,0.097507,0.16489,0.045343,0.10456,-0.05386,0.0017195,0.01044,0.030957,-0.016216,0.021657,-0.013607,-0.0434,-0.0051112,-0.0050112,0.019009,0.13624,-0.050589,0.02254,0.0064398,0.068309,0.045052,-0.080947,-0.041132,-0.023994,0.14711,0.10536,-0.13906,0.10803,-0.022294,0.027524,-0.015628,-0.0033862,-0.081686,-0.14015,-0.076993,-0.024566,0.17735,0.15325,-0.042691,0.038951,0.23486,0.40216,0.225,0.15525,0.16394,0.25681,0.2491,0.13663,0.066452,0.079471,0.31935,0.2208,0.09086,0.16752,0.17144,0.066537,-0.088318,0.13041,-0.020792,0.036944,-0.058498,-0.13426,0.26224,0.20024,0.35544,0.28956,0.35002,0.27188,0.0037537,0.068289,-0.096033,0.0047444,-0.073503,-0.14569,0.16468,0.16984,0.34244,0.27285,0.34434,0.28393,0.18789,0.15041,0.038937,0.063636,0.0054709,0.028773,0.091216,0.15041,0.22383,0.19107,0.19103,0.17463,0.21188,0.26518,0.30252,0.25132
-0.022686,0.27393,1,0.40056,0.1683,0.14211,0.085544,0.075742,0.059044,0.071987,-0.03947,0.14713,0.0070122,-0.00060087,0.4542,0.23855,0.19288,0.069202,-0.1211,0.1604,0.18058,0.022459,-0.048617,0.19309,0.12123,-0.0079096,0.28114,0.17958,0.15711,0.095683,-0.073676,0.18375,0.15053,-0.041266,-0.065759,0.11164,0.080276,0.013313,0.12013,0.0098394,0.011566,0.12684,0.11742,0.18015,0.060045,-0.060587,-0.057356,-0.020258,-0.0042501,-0.11255,-0.16307,-0.14664,-0.10172,0.082068,0.021258,0.21802,0.16458,0.058438,0.00285,-0.00080354,-0.005223,-0.14253,-0.24123,-0.20648,-0.20463,-0.1097,-0.060138,0.10165,0.17803,0.093991,-0.038801,-0.057541,0.076653,0.0062577,-0.095338,-0.080205,-0.15757,-0.11258,-0.046669,-0.053803,0.071557,0.03485,-0.13249,-0.12236,0.096866,0.0015079,-0.098788,-0.014456,-0.082294,0.010083,0.095163,0.078142,0.13962,0.13737,0.022608,0.040783,-0.061101,-0.11882,-0.1534,-0.0084015,-0.007782,0.15069,0.19125,0.16754,0.19946,0.069547,0.047154,0.050523,-0.26531,-0.20506,-0.15801,-0.054163,-0.0079584,0.17835,0.24194,0.2154,0.20006,-0.087195,0.0024108,-0.044453,-0.055392,-0.030782,-0.12586,0.051037,-0.12748,0.016905,0.11307,0.14164,0.19222,0.11592,0.033881,0.013919,0.091483,0.052689,-0.091961,0.087541,-0.08115,0.033461,0.064612,0.032059,0.039148,0.040408,-0.13717,-0.13794,0.19197,0.28351,0.39344,0.35221,0.25086,0.16953,0.036008,-0.021371,-0.045542,-0.020952,0.19048,0.15951,0.18859,0.15679,0.31185,0.228,0.11179,0.21458,-0.050903,0.035094,0.16442,0.030584,0.12702,0.17324,0.17422,0.090608,0.24466,0.027111,-0.029533,0.15357,0.039747,0.16125,0.21177,0.047743,0.032663,0.14265,0.10367,0.058096,0.1387,-0.029768,-0.088084,0.082807,0.18434,0.22161,0.14831,0.032319,-0.022887,0.098038,0.084538,0.0013182,-0.12145,-0.13934,-0.10323,0.029189,0.018735,0.090265
-0.14246,0.0086375,0.40056,1,0.46855,0.12635,-0.14921,-0.11513,-0.010439,-0.030745,0.081618,0.22582,0.32441,0.20133,0.33197,0.56779,0.25054,-0.13175,0.10642,0.17109,0.16128,-0.021799,-0.11594,0.17757,0.18034,-0.095771,0.22444,0.15995,-0.016407,-0.17097,0.17689,0.19759,0.19846,0.057965,-0.070616,0.085969,-0.16739,-0.2645,-0.027319,-0.21925,-0.22606,-0.10129,0.045214,0.06966,0.14285,0.097653,0.092389,0.0027298,-0.2973,-0.3947,-0.39256,-0.43425,-0.3922,-0.27349,-0.14655,0.03252,0.010998,-0.060785,-0.062025,-0.057757,-0.20744,-0.36904,-0.37435,-0.43368,-0.39498,-0.08878,0.09846,0.16196,0.061274,-0.016527,-0.10058,-0.072822,0.28322,0.1673,0.10696,0.10671,0.038247,0.13632,0.22677,0.23613,0.22581,0.18028,-0.0053761,-0.035399,0.32804,0.24438,0.20672,0.28133,0.20371,0.27542,0.33203,0.26385,0.14429,-0.019005,0.015591,-0.0096538,0.083251,0.066685,0.12646,0.27546,0.26787,0.36403,0.30724,0.3198,0.21438,-0.066968,0.085424,0.011897,-0.35367,-0.24205,-0.10467,0.035992,0.13898,0.26508,0.29254,0.36655,0.26924,-0.0091833,0.15846,0.0018959,-0.39904,-0.28483,-0.13949,-0.093043,-0.18662,0.1232,0.264,0.33325,0.21954,0.10386,0.060408,-0.16695,-0.27708,-0.19811,-0.095825,-0.072858,-0.051657,0.20811,0.27489,0.22638,-0.069554,-0.1332,-0.2857,-0.24148,0.10301,0.21292,0.27025,0.51711,0.23446,-0.066067,-0.23234,-0.26763,-0.18062,0.013057,0.16535,0.20857,0.27862,0.10326,0.19397,0.32754,0.29535,0.23658,0.13895,0.052226,0.20815,0.26398,0.12383,0.25486,0.090097,-0.16905,-0.089863,-0.15891,-0.032361,0.24828,0.32485,0.23703,0.23858,0.21423,0.069499,0.14164,-0.060808,-0.18767,-0.21271,-0.26111,-0.32934,0.037646,0.28489,0.14374,0.021984,-0.10151,0.0025713,-0.076537,-0.024665,-0.30766,-0.40646,-0.40554,-0.32975,-0.25996,-0.14241,-0.15266
-0.0067823,0.019658,0.1683,0.46855,1,0.49254,0.093081,0.1415,0.086389,0.027831,0.067842,0.13461,0.17571,0.10618,0.088005,0.24765,0.35583,0.25865,0.10716,0.30409,0.27833,0.013859,-0.013824,0.09414,0.070733,-0.16675,-0.029156,-0.034822,0.051421,0.13531,0.23677,0.28545,0.26238,0.055012,0.051534,0.11403,-0.10327,-0.23473,-0.11476,-0.19387,-0.081157,0.054759,0.29043,0.16988,0.13582,0.07644,0.14036,0.13202,-0.21555,-0.27226,-0.23421,-0.26021,-0.22909,-0.11644,0.041105,0.11693,0.012382,-0.08385,0.014328,-0.015068,-0.16316,-0.23716,-0.16469,-0.2522,-0.24946,-0.11643,0.058176,0.056661,-0.071311,-0.065088,-0.05301,-0.028126,0.19233,0.12218,0.15067,0.060379,0.0035907,0.021428,0.095878,0.012863,-0.046005,0.11186,-0.024841,0.060012,0.19163,0.11941,0.13631,0.17357,0.12694,0.14817,0.17868,0.13,0.083657,0.060957,0.074533,0.16011,0.033823,-0.027246,-0.0037219,0.16678,0.16591,0.21362,0.17071,0.17213,0.10018,0.0038166,0.11767,0.15099,-0.21419,-0.19483,-0.14513,0.010643,0.067195,0.11577,0.14972,0.17811,0.065045,-0.0504,0.1085,0.058944,-0.2576,-0.25719,-0.20948,-0.095548,-0.06148,0.015628,0.069175,0.075915,0.10265,0.082175,-0.010333,0.11444,-0.21382,-0.20907,-0.18878,-0.081995,0.0172,0.089618,0.061607,-0.035194,0.023196,-0.0023683,-0.17602,0.030251,0.073437,0.16088,0.0005769,0.18686,0.39116,0.13288,-0.053526,-0.080215,-0.1227,0.024135,0.19328,0.1763,0.13822,0.044122,-0.082828,0.16958,0.16537,0.27542,0.11371,0.1082,0.22459,0.13242,0.058174,0.17144,0.062612,-0.13743,-0.12302,-0.092333,-0.076611,0.21616,0.25155,0.17623,0.23572,0.13066,-0.0071259,0.15097,-0.012659,-0.13441,-0.11068,-0.16592,-0.16721,0.059921,0.30498,0.081271,0.03212,0.0189,0.010317,0.12403,-0.10768,-0.24315,-0.2406,-0.25298,-0.2059,-0.11956,-0.022051,-0.072865
0.10883,0.024785,0.14211,0.12635,0.49254,1,0.43587,0.090398,0.00108,0.057706,0.06413,0.088721,0.034982,0.013914,0.077369,0.11339,0.17812,0.66755,0.34107,0.20899,0.25629,0.15545,0.018269,-0.0081797,0.10034,-0.13055,-0.14122,-0.05355,0.030028,0.32473,0.19749,0.2194,0.27236,0.21818,0.11557,0.078102,0.057161,-0.11897,-0.20368,-0.13222,-0.035523,0.052609,-0.011436,0.1633,0.1489,0.17086,0.18628,0.20722,-0.069699,-0.10006,-0.079841,-0.080193,-0.10046,-0.01761,-0.15756,0.14415,-0.034474,-0.076481,-0.085275,-0.0022121,-0.12949,-0.11709,0.0135,-0.056097,-0.12281,-0.061776,-0.098102,0.019491,-0.1562,-0.15166,-0.20675,-0.048161,-0.044554,-0.054909,0.13888,0.042034,-0.02327,-0.023068,-0.0035668,-0.092141,-0.12559,-0.020663,-0.13089,0.034582,-0.056149,-0.04662,0.074477,0.061274,0.0302,-0.032782,0.011509,-0.014291,-0.056717,-0.12382,-0.13348,0.076925,-0.1025,-0.082241,-0.085113,0.0070543,0.0088614,-0.033862,0.04253,0.079932,-0.0054084,-0.086722,-0.013574,0.032434,-0.10798,-0.10926,-0.16673,-0.092245,-0.063682,-0.023733,0.070264,0.14026,0.02252,0.037038,0.15095,-0.035186,-0.13837,-0.13409,-0.12504,-0.066779,-0.0035212,-0.058146,0.0069915,0.022107,-0.032682,-0.020241,0.055817,0.10017,-0.13261,-0.10619,-0.07978,-0.013808,0.071143,0.002757,-0.031812,-0.087238,-0.0061094,-0.052298,-0.035183,0.19577,0.12781,-0.16378,-0.1291,0.17199,0.12813,0.39676,0.24127,0.14447,0.063807,-0.053218,-0.11739,-0.10378,0.078659,-0.12851,-0.11619,0.096318,0.065231,0.47813,0.2362,0.19105,0.093541,-0.090934,-0.10062,0.005762,0.019792,-0.041587,-0.11134,-0.11004,0.041215,0.29851,0.11368,0.12396,0.038003,-0.054457,-0.039427,0.11963,0.0062472,-0.0067366,-0.086046,-0.12232,0.0018375,0.087069,0.039094,0.01439,-0.050739,0.04226,0.023476,0.18574,-0.072492,-0.029868,-0.073334,-0.061929,-0.071301,-0.031847,-0.048133,-0.05785
0.24716,0.12201,0.085544,-0.14921,0.093081,0.43587,1,0.42096,-0.033319,0.16594,0.23675,0.14331,-0.19759,-0.1237,-0.07132,-0.19614,0.00058105,0.50725,0.37541,0.27689,0.11351,0.2028,0.26272,0.068184,-0.0087092,0.055213,-0.015404,0.035783,0.25068,0.47217,0.069446,0.15642,0.085181,0.098824,0.19241,0.039863,0.19517,0.16756,0.096844,0.22946,0.34987,0.31819,0.011911,0.089016,0.0013451,-0.011617,0.043469,0.060155,0.12303,0.18182,0.15304,0.29743,0.24482,0.27152,0.036267,0.19661,0.1408,0.12014,-0.09617,0.070214,0.015107,0.14699,0.10727,0.23278,0.11545,-0.11943,-0.20503,-0.063085,0.022999,0.07279,-0.16837,0.05166,-0.16368,-0.10234,-0.10354,-0.19433,-0.20351,-0.2344,-0.25255,-0.32567,-0.25825,-0.1167,-0.15255,0.018149,-0.087849,-0.13027,-0.26932,-0.26,-0.17244,-0.1518,-0.26858,-0.26824,-0.15193,-0.023987,-0.16294,0.18611,0.053856,-0.020321,-0.24826,-0.22019,-0.14175,-0.1656,-0.20796,-0.19864,-0.1686,-0.017165,-0.094595,0.1883,0.16726,0.13865,0.015261,-0.047752,-0.1198,-0.2711,-0.19284,-0.15931,-0.18278,-0.057085,0.027088,0.066487,0.097925,0.037847,-0.085528,0.0644,0.10218,-0.27567,-0.26769,-0.27422,-0.13151,-0.021538,0.10619,0.20945,-0.00047237,-0.04389,-0.10656,0.065874,0.012726,-0.27258,-0.33022,-0.28519,0.12518,0.11367,0.25534,0.21347,0.044243,-0.12959,-0.18338,0.082843,0.14302,0.42826,0.54733,0.42304,0.19999,0.082138,0.15442,0.00073356,-0.12474,-0.097648,-0.038002,-0.097129,-0.2121,0.13757,0.10922,0.17628,-0.0073384,-0.17292,-0.0047585,-0.016863,0.10766,0.19464,0.24107,0.17537,0.059788,0.074589,-0.10817,0.076497,0.016029,-0.092334,0.019778,0.080998,0.18178,0.2148,0.26489,0.26435,0.36299,0.25727,0.018242,0.16849,0.18601,0.25093,0.18207,0.25826,-0.066523,0.14894,0.20025,0.229,0.20627,0.2598,0.24956,0.25568
0.29642,0.16731,0.075742,-0.11513,0.1415,0.090398,0.42096,1,0.49532,0.2252,0.19603,0.21167,-0.39629,-0.39211,-0.30078,-0.38158,-0.25603,0.21823,-0.065282,0.35578,0.20397,0.10646,0.26235,-0.047794,0.12158,0.1273,-0.01023,0.0014708,0.10865,0.40971,-0.12418,0.10568,-0.10194,-0.20206,0.11712,-0.15151,0.46955,0.4265,0.31486,0.37776,0.48296,0.48453,0.12423,0.14235,-0.28037,-0.34503,-0.09338,-0.03854,0.29224,0.29634,0.23514,0.38038,0.41562,0.50587,0.17092,0.18584,0.019495,0.02016,-0.019257,0.10781,0.16222,0.17096,0.028033,0.18701,0.13188,-0.39282,-0.4798,-0.2853,-0.041355,0.069277,-0.01423,0.13375,-0.08944,-0.251,-0.37901,-0.48032,-0.48584,-0.56961,-0.60036,-0.57113,-0.32634,-0.20893,-0.083905,0.051103,-0.05066,-0.27813,-0.45289,-0.37886,-0.32446,-0.3375,-0.29397,-0.1802,0.091207,0.010353,-0.070141,0.1796,0.024621,-0.23315,-0.32631,-0.21901,-0.13668,-0.13363,-0.11033,-0.16096,-0.017987,-0.013453,-0.16977,0.13566,0.08857,-0.072402,-0.012498,-0.013482,-0.072755,-0.10029,-0.13467,-0.24181,-0.24142,-0.15851,-0.28571,0.0048255,0.10991,0.026272,-0.018283,0.17111,0.16174,-0.13044,-0.21783,-0.2849,-0.073507,0.070561,-0.026629,0.19731,0.033497,0.047535,-0.021242,0.18676,0.15918,-0.16628,-0.28277,-0.2884,0.19948,0.2738,0.091419,-0.0067065,0.24946,0.091206,-0.17821,-0.022473,0.43811,0.48471,0.38041,0.55975,0.48726,0.28961,0.32609,0.18705,-0.20183,-0.080613,-0.24938,-0.16347,-0.41815,-0.25062,-0.28956,0.13967,0.0495,-0.21846,-0.10852,-0.12043,0.32849,0.45805,0.32891,0.39245,-0.19326,-0.31289,-0.37412,0.088966,0.025644,-0.25087,-0.17771,-0.11979,0.50541,0.50179,0.51389,0.49719,0.44049,0.14637,-0.021552,0.36201,0.2782,0.12204,0.12387,0.19528,0.16995,0.30274,0.29384,0.35432,0.379,0.4637,0.44141,0.53991
0.18042,0.0068581,0.059044,-0.010439,0.086389,0.00108,-0.033319,0.49532,1,0.37327,0.035175,0.039308,-0.099443,-0.14798,-0.14478,-0.078631,-0.19805,0.10123,-0.19249,0.074001,0.45094,0.21268,0.058328,-0.078913,0.070955,-0.022995,0.010899,-0.022194,-0.049458,0.18143,-0.12213,-0.00087496,0.11296,0.00095256,0.0023694,-0.074456,0.17069,0.089479,0.15398,0.048637,0.17628,0.18955,0.093822,0.14914,-0.031218,-0.097652,-0.064325,0.021165,0.10491,0.043252,0.010822,0.022688,0.12324,0.18388,0.0083885,0.19969,0.082191,0.05525,-0.0072664,0.0072481,0.1349,-0.0084707,-0.051185,-0.062326,-0.025523,-0.26999,-0.25472,-0.069957,0.031968,0.089395,0.024477,-0.025467,0.15516,-0.11023,-0.080086,-0.19374,-0.24324,-0.28856,-0.24776,-0.27031,-0.10133,-0.0054519,0.011459,-0.061813,0.075958,-0.13951,-0.046397,-0.055091,-0.012267,-0.1003,0.042156,0.087788,0.24633,0.10825,-0.0081694,-0.037603,-0.068251,-0.25893,-0.098797,-0.078607,-0.0064471,0.039549,0.16284,0.15904,0.26145,0.059807,-0.1536,-0.2032,-0.17774,-0.27548,-0.15712,-0.21412,-0.22954,0.0056937,0.1486,0.13381,0.11276,-0.079909,-0.32276,-0.33665,-0.114,-0.089975,-0.049092,-0.072613,-0.23538,-0.0058282,0.074175,0.055164,0.051387,0.055188,-0.09164,-0.076732,-0.076365,0.018739,0.014917,0.1298,-0.040573,0.036137,0.022088,-0.055754,-0.026646,0.073502,-0.044094,-0.14277,0.29277,0.19327,-0.027723,-0.038201,0.21494,0.10875,-0.07186,0.099602,0.32441,0.2528,0.11762,0.039816,-0.061161,0.064761,-0.22281,-0.058365,-0.17584,-0.1519,-0.38008,-0.080654,0.20629,0.017446,-0.042241,-0.07292,0.029409,0.1055,-0.015865,0.050406,-0.078317,-0.11436,-0.19384,0.035433,0.19155,0.010443,-0.095655,-0.083673,0.17025,0.10213,0.12904,0.076843,0.19394,0.108,0.14938,0.2792,0.23867,0.15532,-0.0033662,0.028868,0.027821,0.02921,0.019343,0.054695,0.16251,0.17642,0.19211,0.28118
0.2539,0.11017,0.071987,-0.030745,0.027831,0.057706,0.16594,0.2252,0.37327,1,0.46892,0.063231,-0.062603,-0.11442,-0.020473,-0.10293,-0.064395,0.15533,0.0164,0.17353,0.25061,0.51614,0.25648,-0.0038534,0.19012,0.058488,0.15567,0.023868,0.10759,0.19367,-0.030156,0.16634,0.10493,0.071393,0.042332,0.03747,0.25618,0.1563,0.24343,0.12807,0.22366,0.16101,0.0058513,0.18582,-0.0021626,-0.080677,-0.0645,0.10682,0.25159,0.15462,0.17324,0.13428,0.18818,0.18333,-0.020363,0.17334,0.13955,0.25133,0.039579,0.024792,0.19528,0.058219,0.086637,0.056607,0.049087,-0.22363,-0.2253,-0.026925,0.15334,0.28436,0.065114,0.060605,-0.07613,-0.25697,-0.13289,-0.18058,-0.22693,-0.26635,-0.21637,-0.16851,0.027961,0.00096966,-0.01055,0.1434,-0.052379,-0.19321,-0.035735,0.068854,0.024784,-0.194,0.023929,0.10103,0.18186,0.050858,-0.092042,0.21721,-0.033253,-0.088512,0.020959,0.054146,0.018633,-0.13537,0.067448,0.072509,0.16539,0.0084199,-0.21052,0.03732,-0.012833,0.0073308,-0.020602,-0.19648,-0.23165,-0.12058,-0.015799,-0.020787,0.061098,-0.084675,-0.30212,-0.18769,-0.0047345,0.079792,0.16204,0.035128,-0.16527,-0.09506,-0.0056112,-0.033883,0.04906,0.023293,-0.058642,0.13854,-0.023763,0.1034,0.20957,0.1828,-0.039963,-0.045447,-0.034713,-0.074364,0.1228,0.17036,0.073641,0.011408,0.26282,0.082781,-0.097347,-0.24564,0.047838,0.2126,0.17132,0.2289,0.32442,0.54767,0.31897,0.15337,0.028827,0.065502,-0.052787,-0.076882,-0.10858,-0.048096,-0.17069,0.18392,0.24594,0.13317,0.08925,0.12454,0.13497,0.13966,0.1709,0.10766,0.029379,-0.077713,-0.20485,0.094509,0.16837,0.048681,-0.062673,0.078574,0.20044,0.1229,0.21806,0.11468,0.19722,0.088465,-0.031299,0.057277,0.13228,0.16499,-0.021766,0.073318,0.19325,0.20822,0.17718,0.16006,0.21094,0.19235,0.14063,0.21805
0.12113,0.045179,-0.03947,0.081618,0.067842,0.06413,0.23675,0.19603,0.035175,0.46892,1,0.4732,-0.0058881,0.017769,0.029451,0.040188,-0.0011973,0.072281,0.25249,0.24517,0.088647,0.16618,0.55829,0.2932,0.10588,0.14273,0.091943,0.17626,0.097719,0.18122,0.22111,0.21738,0.07261,-0.066063,0.17775,0.13177,0.10856,0.10131,0.054757,0.14021,0.12281,0.23201,0.086046,0.14846,0.02706,-0.10261,-0.017751,0.06667,0.055332,0.0099918,-0.061785,0.0024026,0.0058957,0.07524,-0.09684,0.066565,0.0054965,0.063373,0.018174,0.0071371,-0.012019,-0.095311,-0.17018,-0.092731,-0.10994,-0.17851,-0.2047,-0.036442,0.052864,0.13663,0.0049055,0.073136,-0.097399,-0.21423,-0.19526,-0.17531,-0.17307,-0.14229,-0.1363,-0.067479,0.11671,0.046568,-0.064551,0.17204,-0.006259,-0.097203,-0.12096,-0.040301,-0.020671,-0.073545,-0.027096,0.04971,0.069736,-0.046844,-0.18732,0.14103,0.020935,-0.032827,-0.082214,0.0037008,0.053225,-0.0024775,0.018975,0.010425,-0.0026603,-0.10382,-0.1946,0.072052,-0.03071,-0.056551,-0.087915,-0.049901,-0.022243,0.015768,0.0075083,-0.054358,-0.070079,-0.1311,-0.12242,-0.001392,-0.077768,-0.02683,0.041506,0.096195,-0.043548,-0.029247,0.018971,-0.071407,-0.1148,-0.053938,-0.080795,0.010179,-0.069801,-0.0077062,0.11321,0.21291,-9.4794e-005,0.0049542,0.027419,-0.083172,-0.070877,-0.0032154,-0.11451,-0.098251,0.13333,-0.00040181,-0.030669,-0.094757,-0.042109,0.08768,0.064445,0.14748,0.22888,0.24752,0.50764,0.33695,0.022528,-0.027645,-0.077622,-0.15723,0.060084,0.061835,-0.087887,0.15235,0.23401,-0.0029671,0.14891,0.28339,0.079169,0.057755,0.028217,0.048722,0.18846,0.10544,-0.1084,0.172,0.21172,-0.052593,-0.024623,0.16347,0.10639,0.072968,0.076919,0.10373,0.11561,0.18502,-0.041229,0.17279,0.17109,0.046932,0.05572,0.066522,0.11039,0.098264,0.014011,0.02435,0.0025768,0.040489,0.011426,0.095899
0.17634,0.1362,0.14713,0.22582,0.13461,0.088721,0.14331,0.21167,0.039308,0.063231,0.4732,1,0.09713,0.066074,-0.08013,0.043228,0.10864,0.080335,0.15106,0.23563,0.12945,-0.044059,0.25627,0.49735,0.16405,0.062104,0.016762,0.074259,0.16387,0.1867,0.17678,0.2341,0.12339,-0.055523,0.057625,0.046305,0.074244,0.010198,0.094905,0.061227,0.10155,0.24172,0.13762,0.22159,0.069134,-0.0050105,-0.030335,-0.059755,-0.018382,-0.068236,-0.12227,-0.068018,-0.043032,0.071967,0.0020467,0.145,0.045102,0.036552,0.12392,-0.046662,-0.062774,-0.1088,-0.20424,-0.1155,-0.13427,-0.12199,-0.088572,0.012107,0.021808,0.12391,0.19774,0.043899,-0.022863,-0.047871,-0.11377,-0.057905,-0.12123,-0.091049,-0.058031,-0.068808,0.0089615,0.17756,0.14275,0.14054,0.076919,0.050138,-0.012845,0.07748,0.049657,0.090652,0.12953,0.066196,0.079408,0.084567,0.044663,0.11548,0.05661,0.06524,0.10238,0.15358,0.1632,0.1726,0.11789,0.06177,0.094636,0.032097,0.023725,0.080579,-0.080246,-0.030009,0.089269,0.10621,0.10292,0.037653,0.019205,0.022002,0.064188,0.016627,0.034222,0.037397,-0.021308,-0.044968,0.070726,0.1782,0.047673,-0.060773,-0.018291,-0.030637,0.012931,0.1955,0.010584,0.054238,0.010653,-0.053495,0.031319,0.086615,-0.038597,-0.03468,-1.7656e-005,-0.038541,0.041076,0.17105,-0.10367,-0.041719,0.27546,0.21543,0.072447,0.10466,0.12735,0.14877,0.11913,0.075028,0.089101,0.0067153,0.30259,0.51897,0.21964,0.054073,-0.05373,-0.07473,0.034596,0.10771,0.004133,0.12497,0.23854,-0.03869,0.02296,0.33154,0.144,0.019764,0.018328,0.021485,0.077048,0.14164,0.012409,0.18407,0.21961,-0.004434,-0.029146,0.17291,0.086189,0.033131,0.065169,0.065261,0.065987,0.22142,0.10998,0.18785,0.10815,0.089148,0.11416,0.12581,0.04641,-0.0095707,-0.061505,-0.063825,-0.076474,0.03582,0.039209,0.079336
-0.16229,-0.059493,0.0070122,0.32441,0.17571,0.034982,-0.19759,-0.39629,-0.099443,-0.062603,-0.0058881,0.09713,1,0.77115,0.31662,0.56564,0.48563,-0.12903,0.17792,0.15943,0.15953,-0.0018924,-0.12572,0.32771,0.34473,0.029824,0.18613,0.1216,0.16785,-0.30198,0.28019,0.28072,0.44897,0.37008,0.074213,0.46044,-0.58235,-0.58808,-0.17714,-0.43342,-0.36532,-0.40078,0.075392,0.12245,0.58959,0.55298,0.30834,0.31666,-0.45448,-0.52523,-0.52674,-0.63312,-0.61562,-0.69023,-0.16891,0.025689,0.24865,0.13788,0.15545,-0.15199,-0.16507,-0.31224,-0.32765,-0.41888,-0.30097,0.36727,0.5734,0.43799,0.16443,0.094929,0.07267,-0.32238,0.49397,0.53587,0.45883,0.61918,0.62865,0.7145,0.74184,0.61279,0.26015,0.42591,0.10501,-0.17731,0.423,0.58211,0.53461,0.55912,0.62583,0.65912,0.4425,0.1742,-0.092705,0.14875,0.21482,-0.18205,0.20403,0.3546,0.34402,0.35922,0.35654,0.47139,0.22021,0.23168,0.081208,0.16196,0.33669,-0.17841,-0.16338,-0.085877,-0.048344,0.016694,0.029428,0.18907,0.23145,0.39761,0.3435,0.30866,0.3994,-0.15604,-0.30434,-0.31626,-0.0099668,-0.27812,-0.30747,0.14536,0.32062,0.45961,0.19295,0.091824,0.025912,-0.35503,-0.31072,-0.31437,0.056274,-0.24572,-0.25661,0.22378,0.41858,0.48375,-0.14363,-0.27118,-0.22964,-0.077304,-0.20297,0.04981,0.31446,0.18699,-0.30844,-0.56664,-0.51453,-0.62846,-0.55284,-0.15966,-0.095596,0.086034,0.64073,0.40953,0.19206,0.20098,0.55789,0.35262,0.29821,0.059932,0.31267,0.45557,0.2633,0.49915,-0.12257,-0.52481,-0.44795,-0.49964,0.30562,0.46575,0.61599,0.23957,0.3637,0.52387,0.29949,0.45244,-0.58662,-0.72136,-0.60067,-0.62105,-0.4713,-0.093932,0.40964,-0.13959,-0.12916,0.055563,-0.0028406,-0.021521,-0.21202,-0.51166,-0.53263,-0.60692,-0.5753,-0.69326,-0.48857,-0.53922
-0.21053,0.11114,-0.00060087,0.20133,0.10618,0.013914,-0.1237,-0.39211,-0.14798,-0.11442,0.017769,0.066074,0.77115,1,0.44518,0.51856,0.47322,-0.091032,0.24527,0.20734,0.12222,-0.094956,-0.036916,0.35015,0.16654,0.27771,0.30114,0.15312,0.16357,-0.26628,0.36123,0.30882,0.36387,0.25609,0.12384,0.44959,-0.53278,-0.51883,-0.13027,-0.36539,-0.3468,-0.39172,0.14944,0.10157,0.46607,0.46963,0.26399,0.23507,-0.31561,-0.40938,-0.3802,-0.50155,-0.49088,-0.61571,-0.10546,0.050555,0.26664,0.15336,0.076589,-0.2724,-0.053814,-0.21992,-0.1739,-0.29725,-0.17132,0.40125,0.56238,0.48394,0.23426,0.11826,0.028438,-0.36767,0.37578,0.44176,0.4565,0.56362,0.606,0.67883,0.70036,0.63934,0.27774,0.37315,0.14549,-0.10398,0.323,0.5081,0.44476,0.4681,0.49684,0.55116,0.43172,0.22545,-0.0072677,0.2004,0.24643,-0.10864,0.18108,0.36188,0.23449,0.28168,0.20797,0.35226,0.23648,0.24958,0.1415,0.22668,0.39049,-0.047901,-0.0806,-0.0039491,-0.045601,0.010839,-0.025333,0.16206,0.26268,0.38145,0.34522,0.32745,0.47867,0.0061811,-0.25386,-0.18978,0.085394,-0.24068,-0.31831,0.17,0.38168,0.47713,0.23111,0.094983,0.022297,-0.23561,-0.27029,-0.20377,0.14566,-0.22341,-0.27215,0.22169,0.4587,0.51897,-0.097662,-0.2509,-0.21454,0.0037487,-0.20605,0.026712,0.20719,0.080704,-0.35358,-0.55833,-0.47096,-0.59313,-0.51725,-0.15501,-0.081081,-0.012932,0.53245,0.49249,0.21901,0.21993,0.60328,0.46831,0.34848,0.031918,0.28946,0.3496,0.25117,0.46992,-0.10627,-0.36916,-0.33091,-0.40131,0.40424,0.56591,0.59624,0.17552,0.29347,0.35594,0.26177,0.45699,-0.5008,-0.61851,-0.50405,-0.53505,-0.39951,-0.034058,0.33462,-0.18233,-0.20616,-0.086092,-0.046963,-0.034791,-0.086016,-0.4039,-0.41765,-0.45636,-0.42547,-0.55849,-0.39213,-0.51474
-0.23936,0.074867,0.4542,0.33197,0.088005,0.077369,-0.07132,-0.30078,-0.14478,-0.020473,0.029451,-0.08013,0.31662,0.44518,1,0.51984,0.36221,-0.044708,0.017341,0.11291,0.19488,0.086538,0.0061571,0.15982,-0.079952,-0.083368,0.59866,0.12507,-0.0045479,-0.19847,0.087431,0.15188,0.29365,0.20067,0.028607,0.16257,-0.35781,-0.408,-0.15384,-0.35071,-0.41907,-0.29172,0.060824,-0.026674,0.22921,0.19441,0.044752,-0.049033,-0.20367,-0.3565,-0.30773,-0.4371,-0.43351,-0.41561,-0.2098,0.055796,0.16502,0.0713,-0.022478,-0.27195,-0.056883,-0.27302,-0.23233,-0.35417,-0.3146,0.055275,0.22551,0.33106,0.23493,0.087274,-0.060141,-0.28589,0.18338,0.19539,0.16829,0.25484,0.21672,0.30261,0.40437,0.39583,0.32348,0.21567,-0.035382,-0.11786,0.26149,0.27096,0.20892,0.36511,0.26471,0.23415,0.40661,0.30937,0.16979,0.085799,0.013815,-0.098006,0.1067,0.13202,0.044183,0.24214,0.13544,0.21603,0.36646,0.3736,0.32333,0.094064,0.066329,-0.10946,-0.2393,-0.14261,-0.17852,-0.098652,-0.069197,0.24107,0.40811,0.45535,0.45114,0.17829,0.11331,-0.11404,-0.22023,-0.045188,-0.016896,-0.077002,-0.27499,0.20843,0.36595,0.41212,0.29794,0.12152,0.051843,-0.10543,-0.099085,0.00030791,0.10259,0.064406,-0.12481,0.23737,0.35949,0.3413,-0.018671,-0.12732,-0.17225,-0.10866,0.0098553,0.13439,0.20598,0.13449,-0.10736,-0.24441,-0.29902,-0.43501,-0.34355,-0.054091,0.068357,-0.030883,0.37463,0.35489,0.48468,0.39089,0.52962,0.41782,0.21867,0.038696,0.26037,0.36029,0.33118,0.28605,-0.10676,-0.22477,0.016612,-0.20354,0.17167,0.36513,0.37279,0.1662,0.25221,0.3,0.22322,0.24445,-0.32615,-0.38396,-0.2949,-0.39809,-0.47363,-0.14745,0.19061,-0.091251,-0.13292,-0.1607,-0.13959,-0.11267,-0.063636,-0.27282,-0.32362,-0.36613,-0.3609,-0.39242,-0.32984,-0.35165
-0.2934,-0.15095,0.23855,0.56779,0.24765,0.11339,-0.19614,-0.38158,-0.078631,-0.10293,0.040188,0.043228,0.56564,0.51856,0.51984,1,0.59709,-0.052395,0.071126,0.17909,0.1912,-0.0040699,-0.22333,0.14016,-0.012278,-0.15031,0.20076,0.43339,0.17615,-0.14216,0.20526,0.32725,0.40653,0.25367,-0.19141,0.16408,-0.5366,-0.57196,-0.292,-0.48122,-0.44339,-0.19901,0.11322,0.20636,0.47187,0.34666,0.029132,0.056077,-0.49819,-0.60376,-0.59423,-0.68403,-0.62924,-0.55184,-0.26951,0.10165,0.19876,0.032305,-0.077588,-0.29316,-0.28125,-0.49183,-0.47833,-0.59683,-0.48336,0.070871,0.30727,0.29582,0.1154,0.015794,-0.077795,-0.35687,0.39656,0.33291,0.26257,0.31885,0.30907,0.43313,0.5422,0.38707,0.19665,0.2837,0.04388,-0.15505,0.4317,0.41434,0.33377,0.47396,0.42476,0.40648,0.50655,0.31874,0.068535,0.057149,0.1383,-0.14109,0.16308,0.18584,0.14226,0.35097,0.32289,0.39527,0.41809,0.40992,0.24508,0.059531,0.25053,-0.090126,-0.34432,-0.22434,-0.18391,-0.065273,0.061222,0.34976,0.44715,0.51577,0.41313,0.20607,0.33336,-0.045353,-0.40428,-0.23628,-0.14644,-0.19818,-0.28471,0.24504,0.41433,0.50626,0.32129,0.23623,0.12547,-0.25363,-0.3046,-0.18512,-0.058915,-0.053106,-0.08401,0.33517,0.44761,0.41205,-0.082347,-0.10554,-0.24401,-0.25757,0.012083,0.14724,0.24558,0.26805,-0.11085,-0.37504,-0.48049,-0.56426,-0.51084,-0.21419,-0.089425,0.084551,0.51964,0.32555,0.20176,0.47403,0.6382,0.49949,0.33006,0.067355,0.35328,0.45986,0.057411,0.26934,-0.10881,-0.38186,-0.30757,-0.30799,0.25085,0.56334,0.62778,0.37648,0.45569,0.43878,0.029816,0.13668,-0.42542,-0.52682,-0.48315,-0.5472,-0.54499,0.022957,0.42045,0.148,0.031759,-0.15261,-0.15235,-0.24117,-0.23284,-0.49805,-0.60316,-0.61526,-0.57222,-0.5458,-0.38075,-0.37269
-0.15317,-0.023642,0.19288,0.25054,0.35583,0.17812,0.00058105,-0.25603,-0.19805,-0.064395,-0.0011973,0.10864,0.48563,0.47322,0.36221,0.59709,1,0.20946,0.058182,0.2151,0.12299,0.050272,-0.12884,0.20725,-0.02096,-0.15583,0.057076,0.14076,0.60219,0.12269,0.16856,0.35159,0.33541,0.24358,-0.071527,0.21324,-0.45645,-0.51887,-0.31207,-0.43809,-0.29666,-0.05022,0.18195,0.26609,0.38524,0.28253,0.065285,0.086078,-0.45659,-0.52463,-0.5314,-0.54184,-0.52528,-0.38104,-0.1452,0.15233,0.12106,-0.042608,-0.063608,-0.16798,-0.28214,-0.39001,-0.37027,-0.41291,-0.39136,0.15713,0.35013,0.29936,0.049659,-0.071149,-0.090936,-0.19039,0.33457,0.37104,0.33774,0.38014,0.30102,0.3902,0.51244,0.33882,0.16138,0.19766,0.0048761,-0.01794,0.35568,0.40096,0.37119,0.46534,0.40428,0.39205,0.42054,0.22871,0.12527,0.065097,0.098789,0.036833,0.13669,0.20214,0.20055,0.36088,0.33807,0.3881,0.3254,0.28706,0.21798,0.084854,0.195,0.034079,-0.27158,-0.13225,-0.086187,0.036367,0.13316,0.31485,0.35278,0.36787,0.28473,0.20488,0.26026,-0.011051,-0.24254,-0.17836,-0.13506,-0.0088124,-0.030329,0.17434,0.25411,0.32166,0.28663,0.26121,0.087342,-0.040219,-0.15079,-0.15033,-0.11209,0.06312,0.070348,0.20853,0.27347,0.24894,0.042605,0.037947,-0.10418,-0.045219,0.037679,0.19819,0.14015,0.098946,-0.082161,-0.23954,-0.28605,-0.41396,-0.5047,-0.16283,-0.038751,0.07167,0.49118,0.34515,0.1412,0.35794,0.62293,0.45008,0.34027,0.10395,0.28098,0.4338,0.072975,0.27732,-0.090784,-0.33918,-0.26198,-0.26106,0.39132,0.51568,0.57542,0.30219,0.3566,0.44749,0.026978,0.21433,-0.3881,-0.48376,-0.40919,-0.47047,-0.36349,0.10866,0.4341,0.063085,-0.038489,-0.03601,-0.12953,-0.066573,-0.29968,-0.44849,-0.51267,-0.5332,-0.52933,-0.44514,-0.34602,-0.34123
0.23796,0.051165,0.069202,-0.13175,0.25865,0.66755,0.50725,0.21823,0.10123,0.15533,0.072281,0.080335,-0.12903,-0.091032,-0.044708,-0.052395,0.20946,1,0.26537,0.1429,0.16197,0.21064,0.032135,-0.02529,0.013902,-0.063541,-0.15404,-0.07147,0.22681,0.79109,0.13105,0.12049,0.11372,0.10864,-0.038983,-0.069236,0.15172,0.022996,-0.10766,-0.035181,0.12257,0.28755,0.0378,0.14327,0.023334,-0.031994,-0.093956,-0.030642,0.041624,0.018273,0.015903,0.044596,0.02595,0.18621,-0.12125,0.25976,0.0086214,-0.16692,-0.23716,-0.089289,-0.02747,-0.049353,0.04655,0.010084,-0.082042,-0.16619,-0.22958,-0.001582,-0.12174,-0.24059,-0.26067,-0.008373,-0.059762,-0.17604,0.018516,-0.11487,-0.16419,-0.21244,-0.16116,-0.27899,-0.2414,-0.20251,-0.15929,0.12378,-0.099393,-0.16586,-0.089589,-0.06581,-0.029802,-0.18465,-0.09291,-0.083767,-0.032791,-0.15662,-0.18345,0.17502,-0.12229,-0.1172,-0.19893,-0.11389,-0.056833,-0.15623,-0.015664,-0.01087,0.012411,-0.064258,-0.14094,0.037194,-0.067311,-0.034393,-0.1443,-0.19812,-0.20585,-0.13301,0.0034638,-0.0032355,-0.0063525,0.081748,-0.051063,-0.12591,-0.071433,-0.038753,-0.10534,-0.0015715,0.04107,-0.15406,-0.15616,-0.16493,0.017641,0.12127,-0.010666,0.15734,-0.063514,-0.061546,-0.054621,0.10556,0.11241,-0.11094,-0.22853,-0.27555,0.18495,0.20306,0.087529,0.19135,0.25934,-0.018848,-0.15291,-0.020617,0.17904,0.44932,0.34296,0.29624,0.19884,0.098388,0.0086952,-0.007084,0.057025,-0.026313,-0.12103,-0.043368,0.017615,0.42272,0.14583,0.16893,0.17612,-0.034852,-0.088136,-0.098197,0.074462,0.12051,0.046861,0.0014303,0.098921,0.25478,-0.006439,0.10428,0.12888,-0.0086623,-0.095834,-0.053029,0.1137,0.1251,0.095247,0.026064,0.14386,0.15674,0.010415,0.13448,0.090181,0.13659,0.0046336,0.12258,-0.069126,0.085478,0.020656,0.045242,0.022151,0.12935,0.045999,0.14044
-0.066816,-0.064934,-0.1211,0.10642,0.10716,0.34107,0.37541,-0.065282,-0.19249,0.0164,0.25249,0.15106,0.17792,0.24527,0.017341,0.071126,0.058182,0.26537,1,0.37121,0.035661,0.087423,0.25679,0.11536,0.071711,0.1444,-0.00022822,0.04391,-0.002554,0.056486,0.79845,0.36177,0.15091,0.1888,0.34342,0.20783,-0.097436,-0.056571,-0.035492,0.014281,-0.027079,-0.13257,-0.050318,0.097708,0.16835,0.21077,0.315,0.28251,-0.0056498,0.072574,0.041354,0.062503,0.011482,-0.11235,0.033686,0.083897,0.11982,0.24712,0.073619,0.12397,0.026587,0.16823,0.14953,0.17863,0.21507,0.34899,0.28861,0.26503,0.12652,0.24115,0.021179,0.10856,-0.011816,0.17706,0.19951,0.2462,0.3442,0.30246,0.25827,0.2524,0.10652,0.17657,0.14207,0.16877,-0.081615,0.22243,0.13164,-0.064007,0.029683,0.17207,-0.093524,-0.19007,-0.21583,-0.0077367,0.062368,0.13214,0.050133,0.34152,0.14418,-0.12989,-0.1797,-0.10288,-0.26861,-0.23359,-0.24749,0.048094,0.13217,0.14985,0.26417,0.29898,0.17067,0.078838,-0.081451,-0.34091,-0.29707,-0.16491,-0.13152,0.1908,0.2334,0.14953,-0.042348,-0.14773,-0.0076277,-0.05088,0.0014243,-0.27998,-0.17756,-0.097825,-0.13122,-0.21465,-0.13,-0.029309,-0.20654,-0.24565,-0.081452,-0.1887,-0.14443,-0.2324,-0.11227,0.049186,0.0050291,-0.27122,-0.086328,0.17425,-0.36248,-0.31163,0.043371,0.12601,-0.092933,0.012643,0.18847,0.041876,-0.035229,0.01021,-0.04729,0.024568,-0.0041333,-0.018938,0.019783,-0.069633,0.088929,0.18439,0.59293,0.41576,0.15299,0.054101,0.20429,0.19862,0.048001,-0.054592,-0.13038,-0.10751,0.13941,0.1231,0.3795,0.30989,0.083087,0.098963,0.27304,0.26608,-0.083203,-0.096714,-0.12976,-0.037542,0.023647,-0.050582,0.017145,-0.074158,-0.11898,0.10847,0.13189,0.1962,0.047076,0.077905,0.088701,0.064778,0.0024504,-0.091369,-0.012698,-0.090579
0.026591,0.073538,0.1604,0.17109,0.30409,0.20899,0.27689,0.35578,0.074001,0.17353,0.24517,0.23563,0.15943,0.20734,0.11291,0.17909,0.2151,0.1429,0.37121,1,0.48978,0.14149,0.20742,0.24459,0.23994,0.21218,0.20369,0.15879,0.20551,0.14811,0.38933,0.89293,0.47816,0.13281,0.20168,0.2064,0.054811,0.021189,0.1516,0.013576,0.093687,0.13134,0.22282,0.38678,0.25435,0.11965,0.1563,0.11758,-0.02281,-0.036882,-0.076971,-0.056233,-0.008226,-0.0053094,0.13661,0.29575,0.19551,0.21692,0.1364,-0.027669,-0.020087,-0.021143,-0.078636,-0.029583,0.030826,0.064565,0.13752,0.24292,0.13596,0.27459,0.13708,-0.0094384,0.073502,0.090545,0.051259,0.092852,0.099468,0.072736,0.095646,0.10057,0.062074,0.24654,0.13411,0.10865,0.099046,0.16324,-0.023468,0.050683,0.13943,0.12067,0.054786,-0.0010607,0.016351,0.17428,0.098619,0.13361,0.12041,0.19983,0.014044,0.077778,0.11144,0.06875,-0.0197,-0.013866,0.028201,0.18215,0.098659,0.16102,0.068104,0.092575,0.11628,0.13226,0.037807,-0.087271,-0.079711,-0.0021255,0.059517,0.20583,0.088039,0.1317,-0.10841,-0.11905,-0.023801,0.081701,0.10117,-0.16626,-0.11712,-0.019252,0.16952,0.089469,-0.2071,0.047029,-0.21133,-0.16261,-0.097711,0.017981,0.059943,-0.12771,-0.10589,0.040306,0.25575,0.0085283,-0.26965,0.068206,-0.041852,-0.017171,0.05772,0.040978,0.17113,0.10505,0.1069,0.083888,-0.0043299,0.11526,0.1144,0.1641,0.25222,0.23506,-0.018596,0.038255,0.18342,0.26649,0.28778,0.58809,0.48482,0.26683,0.18758,0.29146,0.35659,0.18444,0.092338,0.053269,0.13476,0.19078,0.25044,0.61915,0.4757,0.26453,0.18226,0.25908,0.13767,0.045809,0.12107,0.033274,-0.0015412,0.028846,0.15624,0.25045,0.16237,0.1043,0.11,0.11447,0.10591,0.033886,-0.028874,-0.053133,-0.023509,-0.026583,0.056794,0.084342
0.097474,0.094457,0.18058,0.16128,0.27833,0.25629,0.11351,0.20397,0.45094,0.25061,0.088647,0.12945,0.15953,0.12222,0.19488,0.1912,0.12299,0.16197,0.035661,0.48978,1,0.44567,0.14824,0.20021,0.142,-0.11048,0.16936,-0.044435,0.030091,0.11166,0.16491,0.46731,0.82857,0.3753,0.15917,0.17612,-0.01596,-0.18461,0.021041,-0.20876,-0.048896,0.062506,0.29076,0.28067,0.3461,0.15652,0.087745,0.065014,-0.14264,-0.20348,-0.20703,-0.20922,-0.1375,-0.061112,0.012165,0.24567,0.21469,0.14446,0.04482,-0.089518,-0.15126,-0.19886,-0.1722,-0.19291,-0.17697,-0.12851,0.036528,0.16819,0.085127,0.12584,-0.0030366,-0.16158,0.072998,0.029724,0.11581,0.052285,-0.043509,-0.030938,0.091462,0.047861,0.018593,0.11493,-0.03293,-0.12007,0.13103,0.054128,0.08439,0.15163,0.11671,0.043212,0.18943,0.17169,0.26197,0.10318,-0.012043,-0.025355,-0.00887,-0.038577,0.019702,0.14376,0.1359,0.10235,0.20011,0.23657,0.32,0.10616,-0.026552,-0.06219,-0.25013,-0.15614,-0.024707,0.0055994,-0.020557,0.073232,0.19155,0.26104,0.23508,0.11099,-0.062171,-0.14704,-0.20636,-0.069156,-0.0099483,-0.013903,-0.19418,-0.049534,0.076448,0.16054,0.16724,0.078578,-0.13442,-0.11064,-0.105,-0.01194,0.011499,0.066268,-0.12001,0.017431,0.033555,0.061739,0.066205,-0.017249,-0.19185,-0.13309,0.19536,0.20733,0.085775,0.050302,0.10967,0.027593,-0.094549,-0.12965,-0.0083037,0.16659,0.083716,0.060041,0.25884,0.22023,0.028797,0.17126,0.17047,0.21454,-0.046159,0.13239,0.54444,0.3796,0.20824,0.21141,0.13039,-0.0099631,0.0063384,-0.037636,0.046439,0.17448,0.11965,0.27383,0.54762,0.36178,0.16099,0.19733,0.013343,-0.094969,-0.01696,-0.12903,-0.11473,0.0096452,0.24704,0.19199,0.20705,0.10739,0.0033936,0.059976,-0.10351,-0.15741,-0.18697,-0.18191,-0.091866,-0.10776,-0.026706,0.00098724
0.20547,0.064103,0.022459,-0.021799,0.013859,0.15545,0.2028,0.10646,0.21268,0.51614,0.16618,-0.044059,-0.0018924,-0.094956,0.086538,-0.0040699,0.050272,0.21064,0.087423,0.14149,0.44567,1,0.35935,-0.02174,0.099932,-0.13665,0.099071,-0.059099,0.073378,0.15164,0.043852,0.13055,0.37712,0.70771,0.25969,0.0066245,0.1176,-0.024255,0.051998,-0.041519,0.055074,0.046177,0.033937,0.098292,0.17285,0.12111,-0.018953,0.010389,0.083718,0.037823,0.052951,0.048948,0.082803,0.068528,-0.014861,0.15165,0.11204,0.29151,0.096,-0.084117,0.0048715,-0.0088768,0.029144,0.029815,0.011339,-0.1546,-0.063547,0.0968,0.043473,0.15813,0.059962,-0.10806,-0.13211,-0.16279,-0.040953,-0.070485,-0.12788,-0.15119,-0.054926,-0.017593,0.00032758,-0.16282,-0.096134,-0.050124,0.0087226,-0.075111,-0.011616,0.099755,0.0065152,-0.11619,-0.033278,0.06844,0.17365,0.025468,-0.020969,0.10884,0.030772,0.026203,0.063679,0.1555,0.02931,-0.088807,-0.026335,0.033445,0.18201,0.11854,-0.069258,0.056325,-0.069823,0.055086,0.091819,0.050362,-0.079722,-0.084195,-0.041813,-0.021369,0.091239,0.13848,-0.16746,-0.098572,-0.034945,0.097815,0.093409,0.14246,-0.073407,-0.14146,-0.064879,-0.047349,0.011257,-0.048296,-0.15116,-0.03602,-0.0071759,0.092201,0.10009,0.13044,-0.10263,-0.14205,-0.093551,-0.026646,0.091163,0.0052507,-0.0048307,-0.056542,0.15054,0.013763,-0.045823,-0.16552,-0.021681,0.1685,0.18438,0.11767,0.11164,0.19878,0.039798,-0.044991,0.076725,0.030014,0.11103,0.027746,0.0010767,0.0227,0.0089947,0.15586,0.24267,0.34308,0.26489,0.11051,0.14837,0.084449,0.20135,0.097615,0.0046783,-0.095281,-0.069735,0.083213,0.19494,0.31522,0.17581,0.13646,0.1357,0.069947,0.13715,0.059445,0.017475,-0.12612,-0.022708,-0.0022603,0.065784,0.11863,-0.071418,0.04897,0.056986,0.098983,0.057397,0.063819,0.099813,0.056333,0.076977,0.12702
